读取M010.1-M010.5					03 00 00 1F 02 F0 80 32 01 00 00 00 03 00 0E 00 00 04 01 12 0A 10 02 00 01 00 00 83 00 00 50
读取M005.1-M005.5					03 00 00 1F 02 F0 80 32 01 00 00 00 03 00 0E 00 00 04 01 12 0A 10 02 00 01 00 00 83 00 00 28
读取M006.1-M006.5					03 00 00 1F 02 F0 80 32 01 00 00 00 03 00 0E 00 00 04 01 12 0A 10 02 00 01 00 00 83 00 00 30 
读取M007.1-M007.5					03 00 00 1F 02 F0 80 32 01 00 00 00 03 00 0E 00 00 04 01 12 0A 10 02 00 01 00 00 83 00 00 38 
读取M000.1-M000.5					03 00 00 1F 02 F0 80 32 01 00 00 00 03 00 0E 00 00 04 01 12 0A 10 02 00 01 00 00 83 00 00 00
读取M100.1-M100.5					03 00 00 1F 02 F0 80 32 01 00 00 00 03 00 0E 00 00 04 01 12 0A 10 02 00 01 00 00 83 00 03 20 
读取M100.1-M102.1					03 00 00 1F 02 F0 80 32 01 00 00 00 03 00 0E 00 00 04 01 12 0A 10 02 00 03 00 00 83 00 03 20 
读取M100.1-M101.7					03 00 00 1F 02 F0 80 32 01 00 00 00 03 00 0E 00 00 04 01 12 0A 10 02 00 02 00 00 83 00 03 20 
读取M100.0-M101.6					03 00 00 1F 02 F0 80 32 01 00 00 00 03 00 0E 00 00 04 01 12 0A 10 02 00 02 00 00 83 00 03 20 

回答M010.1-M010.5					03 00 00 1A 02 F0 80 32 03 00 00 00 03 00 02 00 05 00 00 04 01 FF 04 00 08 40 	
回答M005.1-M005.5					03 00 00 1A 02 F0 80 32 03 00 00 00 05 00 02 00 05 00 00 04 01 FF 04 00 08 00 	
回答M006.1-M006.5					03 00 00 1A 02 F0 80 32 03 00 00 00 03 00 02 00 05 00 00 04 01 FF 04 00 08 00 
回答M007.1-M007.5					03 00 00 1A 02 F0 80 32 03 00 00 00 03 00 02 00 05 00 00 04 01 FF 04 00 08 00 
回答M000.1-M000.5					03 00 00 1A 02 F0 80 32 03 00 00 00 03 00 02 00 05 00 00 04 01 FF 04 00 08 F0 
回答M100.1-M100.5					03 00 00 1A 02 F0 80 32 03 00 00 00 03 00 02 00 05 00 00 04 01 FF 04 00 08 00 
回答M100.1-M102.1					03 00 00 1C 02 F0 80 32 03 00 00 00 03 00 02 00 07 00 00 04 01 FF 04 00 18 00 00 00 
回答M100.1-M101.7					03 00 00 1B 02 F0 80 32 03 00 00 00 03 00 02 00 06 00 00 04 01 FF 04 00 10 00 00 
回答M100.0-M101.6					03 00 00 1B 02 F0 80 32 03 00 00 00 03 00 02 00 06 00 00 04 01 FF 04 00 10 00 00 
回答M000.0-M002.1					03 00 00 1C 02 F0 80 32 03 00 00 00 03 00 02 00 07 00 00 04 01 FF 04 00 18 66 04 00 注：66代表M0.0-M0.7		04代表M1.0-M1.7		00代表M2.0-M2.7

读取V100-V114						03 00 00 1F 02 F0 80 32 01 00 00 00 03 00 0E 00 00 04 01 12 0A 10 02 00 1E 00 00 84 00 03 20 
读取V012-V028						03 00 00 1F 02 F0 80 32 01 00 00 00 03 00 0E 00 00 04 01 12 0A 10 02 00 22 00 00 84 00 00 60 
读取V042-V058						03 00 00 1F 02 F0 80 32 01 00 00 00 03 00 0E 00 00 04 01 12 0A 10 02 00 22 00 00 84 00 01 50 

读取M0.0-M0.5,DB200.0-DB200.20		03 00 00 2B 02 F0 80 32 01 00 00 00 0E 00 1A 00 00 04 02 12 0A 10 02 00 01 00 00 83 00 00 00 12 0A 10 02 00 02 00 C8 84 00 00 A0 


回答V100-V114						03 00 00 19 02 F0 80 32 03 00 00 00 03 00 02 00 04 00 00 04 01 0A 00 00 00 

写入DB200.0 值 4					03 00 00 25 02 F0 80 32 01 00 00 00 08 00 0E 00 06 05 01 12 0A 10 02 00 02 00 C8 84 00 00 00 00 04 00 10 00 04 
写入DB200.20值 5					03 00 00 25 02 F0 80 32 01 00 00 00 05 00 0E 00 06 05 01 12 0A 10 02 00 02 00 C8 84 00 00 A0 00 04 00 10 00 05
写入DB200.20值999					03 00 00 25 02 F0 80 32 01 00 00 00 0A 00 0E 00 06 05 01 12 0A 10 02 00 02 00 C8 84 00 00 A0 00 04 00 10 03 E7 
写入DB001.10值999，998				03 00 00 27 02 F0 80 32 01 00 00 00 0A 00 0E 00 08 05 01 12 0A 10 02 00 04 00 01 84 00 00 50 00 04 00 20 03 E7 03 E6 
写入DB200.10值100，999，998			03 00 00 29 02 F0 80 32 01 00 00 00 06 00 0E 00 0A 05 01 12 0A 10 02 00 06 00 C8 84 00 00 50 00 04 00 30 00 64 03 E7 03 E6 
写入DB200.06值33，100，999，998		03 00 00 2B 02 F0 80 32 01 00 00 00 04 00 0E 00 0C 05 01 12 0A 10 02 00 08 00 C8 84 00 00 30 00 04 00 40 00 21 00 64 03 E7 03 E6 


写入M0.0 值T						03 00 00 24 02 F0 80 32 01 00 00 00 89 00 0E 00 05 05 01 12 0A 10 01 00 01 00 00 83 00 00 00 00 03 00 01 01 
写入M0.0 值F						03 00 00 24 02 F0 80 32 01 00 00 00 9F 00 0E 00 05 05 01 12 0A 10 01 00 01 00 00 83 00 00 00 00 03 00 01 00 
写入M0.0-M0.3值F,T,F,T				03 00 00 24 02 F0 80 32 01 00 00 00 07 00 0E 00 05 05 01 12 0A 10 02 00 01 00 00 83 00 00 08 00 04 00 08 0A 
写入M0.0-M0.4值T,F,T,F,T			03 00 00 24 02 F0 80 32 01 00 00 00 05 00 0E 00 05 05 01 12 0A 10 02 00 01 00 00 83 00 00 08 00 04 00 08 15 
写入M10.0值T						03 00 00 24 02 F0 80 32 01 00 00 00 05 00 0E 00 05 05 01 12 0A 10 01 00 01 00 00 83 00 00 58 00 03 00 01 01 
写入M0.0-M0.1值T,T					03 00 00 24 02 F0 80 32 01 00 00 00 0A 00 0E 00 05 05 01 12 0A 10 02 00 01 00 00 83 00 00 00 00 04 00 08 03 
写入M0.0-M0.5值T,T,T,T,T,T			03 00 00 24 02 F0 80 32 01 00 00 00 05 00 0E 00 05 05 01 12 0A 10 02 00 01 00 00 83 00 00 00 00 04 00 08 3F 
写入M0.0-M1.1值T,T,T,T,T,T,T,T,T,T	03 00 00 25 02 F0 80 32 01 00 00 00 05 00 0E 00 06 05 01 12 0A 10 02 00 02 00 00 83 00 00 00 00 04 00 10 FF 17
写入M0.1 值T						03 00 00 24 02 F0 80 32 01 00 00 02 2F 00 0E 00 05 05 01 12 0A 10 01 00 01 00 00 83 00 00 01 00 03 00 01 01
写入M1.5 值T						03 00 00 24 02 F0 80 32 01 00 00 02 6B 00 0E 00 05 05 01 12 0A 10 01 00 01 00 00 83 00 00 0D 00 03 00 01 01
写入M2.1 值T						03 00 00 24 02 F0 80 32 01 00 00 02 9D 00 0E 00 05 05 01 12 0A 10 01 00 01 00 00 83 00 00 11 00 03 00 01 01   


									 |--- 0~4 ---| |--- 5~9 ---|  |---10~14 ---| |---15~19 ---| |---20~24 ---| |---25~29 ---| |---30~34 ---| |---35~39 ---|


写M点返回							03 00 00 16 02 F0 80 32 03 00 00 02 9D 00 02 00 01 00 00 05 01 FF
									03 00 00 16 02 F0 80 32 03 00 00 00 04 00 02 00 01 00 00 05 01 07